ties: 8
Computer wins: 5
Player wins: 7

first try results: 		
3, 3, 0 = 17629
3, 0, 3 = 1858
0, 3, 3 = 24270
4, 1, 1 = 170
1, 4, 1 = 6544
1, 1, 4 = 5448
2, 2, 2 = 13
3, 2, 1 = 16612
3, 1, 2 = 6901
2, 3, 1 = 7027
2, 1, 3 = 23053
1, 3, 2 = 17994
1, 2, 3 = 2435
4, 2, 0 = 15697
4, 0, 2 = 25609
2, 4, 0 = 25659
2, 0, 4 = 13684
0, 2, 4 = 18687
0, 4, 2 = 9676
5, 1, 0 = 285
5, 0, 1 = 22
1, 0, 5 = 2016
1, 5, 0 = 240
0, 5, 1 = 726
0, 1, 5 = 224
0, 0, 6 = 1
0, 6, 0 = 1
6, 0, 0 = 1

second try results:
3, 3, 0 = 2695
3, 0, 3 = 60336
0, 3, 3 = 2076
4, 1, 1 = 295
1, 4, 1 = 21666
1, 1, 4 = 13149
2, 2, 2 = 263
3, 2, 1 = 852
3, 1, 2 = 554
2, 3, 1 = 23476
2, 1, 3 = 1157
1, 3, 2 = 11993
1, 2, 3 = 744
4, 2, 0 = 53633
4, 0, 2 = 578
2, 4, 0 = 1394
2, 0, 4 = 9178
0, 2, 4 = 9958
0, 4, 2 = 26575
5, 1, 0 = 5747
5, 0, 1 = 478
1, 0, 5 = 53
1, 5, 0 = 1068
0, 5, 1 = 1132
0, 1, 5 = 3410
0, 0, 6 = 1
0, 6, 0 = 1
6, 0, 0 = 1

Third try results:
3, 3, 0 = 985
3, 0, 3 = 20338
0, 3, 3 = 23386
4, 1, 1 = 25308
1, 4, 1 = 37
1, 1, 4 = 11359
2, 2, 2 = 247
3, 2, 1 = 22040
3, 1, 2 = 3144
2, 3, 1 = 1727
2, 1, 3 = 343
1, 3, 2 = 10266
1, 2, 3 = 17419
4, 2, 0 = 1194
4, 0, 2 = 26415
2, 4, 0 = 46159
2, 0, 4 = 5457
0, 2, 4 = 10084
0, 4, 2 = 1396
5, 1, 0 = 1554
5, 0, 1 = 7
1, 0, 5 = 14
1, 5, 0 = 41
0, 5, 1 = 1406
0, 1, 5 = 3157
0, 0, 6 = 1
0, 6, 0 = 1
6, 0, 0 = 1

Fourth try results:
3, 3, 0 = 4564
3, 0, 3 = 41561
0, 3, 3 = 30416
4, 1, 1 = 5204
1, 4, 1 = 53657
1, 1, 4 = 20548
2, 2, 2 = 3976
3, 2, 1 = 5755
3, 1, 2 = 4405
2, 3, 1 = 203
2, 1, 3 = 7590
1, 3, 2 = 5815
1, 2, 3 = 120
4, 2, 0 = 49524
4, 0, 2 = 11058
2, 4, 0 = 15910
2, 0, 4 = 13042
0, 2, 4 = 6758
0, 4, 2 = 788
5, 1, 0 = 207
5, 0, 1 = 115
1, 0, 5 = 104
1, 5, 0 = 135
0, 5, 1 = 1306
0, 1, 5 = 2374
0, 0, 6 = 1
0, 6, 0 = 1
6, 0, 0 = 1

fifth try results:
3, 3, 0 = 1852
3, 0, 3 = 56073
0, 3, 3 = 29528
4, 1, 1 = 7581
1, 4, 1 = 64062
1, 1, 4 = 21730
2, 2, 2 = 14335
3, 2, 1 = 333
3, 1, 2 = 2674
2, 3, 1 = 1247
2, 1, 3 = 2613
1, 3, 2 = 1766
1, 2, 3 = 313
4, 2, 0 = 65847
4, 0, 2 = 914
2, 4, 0 = 6
2, 0, 4 = 18150
0, 2, 4 = 3256
0, 4, 2 = 14338
5, 1, 0 = 724
5, 0, 1 = 356
1, 0, 5 = 33
1, 5, 0 = 12
0, 5, 1 = 622
0, 1, 5 = 426
0, 0, 6 = 1
0, 6, 0 = 1
6, 0, 0 = 1

sixth try result:
3, 3, 0 = 36226
3, 0, 3 = 12646
0, 3, 3 = 11953
4, 1, 1 = 55391
1, 4, 1 = 14761
1, 1, 4 = 175
2, 2, 2 = 24610
3, 2, 1 = 389
3, 1, 2 = 3620
2, 3, 1 = 9
2, 1, 3 = 1327
1, 3, 2 = 199
1, 2, 3 = 16773
4, 2, 0 = 50
4, 0, 2 = 3480
2, 4, 0 = 14
2, 0, 4 = 27075
0, 2, 4 = 1466
0, 4, 2 = 32959
5, 1, 0 = 35
5, 0, 1 = 116
1, 0, 5 = 42
1, 5, 0 = 12
0, 5, 1 = 1703
0, 1, 5 = 94
0, 0, 6 = 1
0, 6, 0 = 1
6, 0, 0 = 1


1 million game results:
trial 1:
3, 3, 0 = 179188
3, 0, 3 = 7617
0, 3, 3 = 16
4, 1, 1 = 32826
1, 4, 1 = 242
1, 1, 4 = 23046
2, 2, 2 = 293
3, 2, 1 = 9828
3, 1, 2 = 178
2, 3, 1 = 3495
2, 1, 3 = 32872
1, 3, 2 = 150
1, 2, 3 = 77557
4, 2, 0 = 7012
4, 0, 2 = 16567
2, 4, 0 = 1057
2, 0, 4 = 106619
0, 2, 4 = 348
0, 4, 2 = 171062
5, 1, 0 = 833
5, 0, 1 = 746
1, 0, 5 = 766
1, 5, 0 = 72
0, 5, 1 = 2330
0, 1, 5 = 177
0, 0, 6 = 1
0, 6, 0 = 1
6, 0, 0 = 1


2 million game results:
trial 1:
3, 3, 0 = 6418
3, 0, 3 = 30502
0, 3, 3 = 34931
4, 1, 1 = 199
1, 4, 1 = 1344
1, 1, 4 = 1569
2, 2, 2 = 5
3, 2, 1 = 48
3, 1, 2 = 253058
2, 3, 1 = 236526
2, 1, 3 = 617
1, 3, 2 = 107
1, 2, 3 = 255896
4, 2, 0 = 115163
4, 0, 2 = 13638
2, 4, 0 = 7821
2, 0, 4 = 170456
0, 2, 4 = 6902
0, 4, 2 = 110293
5, 1, 0 = 152
5, 0, 1 = 227
1, 0, 5 = 38
1, 5, 0 = 233
0, 5, 1 = 119
0, 1, 5 = 32
0, 0, 6 = 1
0, 6, 0 = 1
6, 0, 0 = 1